id: 0
type: ros
stereo: true
rate: 10 # Hz
img_size: [640, 480]
focal: [381.3611502479813, 381.3611502479813]
center: [320, 240]
near: 0.5
far: 3.5
baseline: 0.12
xyz: [0, 0, 0]
quat: [0, 0, 0, 1] # (xyz w)

